8
20250621 AlexWhite a1B2c3D4 25
20250622 EmmaClark x9Y8z7W6 30
20250623 JackBrown m5N4p3Q2 22
20250624 SophiaLee d7E6f5G4 28
20250625 MichaelKing r3S2t1U0 35
20250626 OliviaWu b9C8d7F6 24
20250627 DanielGreen k2L1m0N9 29
20250628 AvaJones p4Q3r2S1 27
0.000 0.000 0.000 0.777 0.000 0.000 0.929 0.389
0.000 0.000 0.019 0.459 0.789 0.000 0.492 0.000
0.000 0.019 0.000 0.737 0.248 0.000 0.411 0.939
0.777 0.459 0.737 0.000 0.618 0.000 0.529 0.604
0.000 0.789 0.248 0.618 0.000 0.787 0.885 0.000
0.000 0.000 0.000 0.000 0.787 0.000 0.000 0.000
0.929 0.492 0.411 0.529 0.885 0.000 0.000 0.389
0.389 0.000 0.939 0.604 0.000 0.000 0.389 0.000
