20
20250621 AlexWhite u3R3k1L0 31
20250622 EmmaJones b8P6z0O8 34
20250623 JackAnderson q0B2e1L2 28
20250624 SophiaClark x3L8e7X0 35
20250625 MichaelSmith g1J7y7I5 37
20250626 OliviaThomas v4T1y8M3 37
20250627 DanielBrown j8E3o2H5 20
20250628 AvaDavis f5O7p3P9 33
20250629 LiamJackson z0E5p8R4 25
20250630 NoahLee p8Q2q0U5 19
20250631 MiaMiller f2C7q7P9 20
20250632 EthanHarris x8R8t2G3 20
20250633 ChloeKing a8K5h1C1 32
20250634 LucasWilson o6B9j8P3 26
20250635 GraceMartin f0L3f1E8 23
20250636 LeoWu o0G4v2Q5 24
20250637 ZoeMoore p1Z7i2L6 20
20250638 RyanThompson q7I3z8R6 27
20250639 NoraGreen y4D9b3H9 28
20250640 IvyTaylor n5I4h0R2 21
0.000 0.808 0.000 0.409 0.708 0.000 0.000 0.453 0.000 0.000 0.591 0.661 0.235 0.000 0.707 0.387 0.664 0.000 0.000 0.305
0.808 0.000 0.000 0.000 0.388 0.934 0.000 0.000 0.001 0.567 0.000 0.000 0.869 0.000 0.000 0.000 0.403 0.000 0.092 0.842
0.000 0.000 0.000 0.000 0.000 0.000 0.435 0.504 0.391 0.746 0.551 0.172 0.000 0.613 0.911 0.120 0.611 0.585 0.367 0.719
0.409 0.000 0.000 0.000 0.000 0.655 0.736 0.690 0.758 0.266 0.950 0.000 0.985 0.000 0.705 0.794 0.000 0.969 0.000 0.230
0.708 0.388 0.000 0.000 0.000 0.661 0.346 0.422 0.101 0.015 0.962 0.000 0.060 0.342 0.249 0.808 0.000 0.097 0.000 0.829
0.000 0.934 0.000 0.655 0.661 0.000 0.203 0.774 0.606 0.000 0.385 0.450 0.786 0.810 0.446 0.000 0.243 0.591 0.637 0.000
0.000 0.000 0.435 0.736 0.346 0.203 0.000 0.549 0.750 0.118 0.744 0.374 0.000 0.000 0.537 0.600 0.000 0.000 0.156 0.368
0.453 0.000 0.504 0.690 0.422 0.774 0.549 0.000 0.990 0.000 0.351 0.988 0.842 0.000 0.538 0.000 0.311 0.147 0.000 0.824
0.000 0.001 0.391 0.758 0.101 0.606 0.750 0.990 0.000 0.000 0.654 0.000 0.000 0.000 0.000 0.000 0.704 0.000 0.000 0.000
0.000 0.567 0.746 0.266 0.015 0.000 0.118 0.000 0.000 0.000 0.404 0.000 0.672 0.864 0.243 0.238 0.000 0.431 0.821 0.000
0.591 0.000 0.551 0.950 0.962 0.385 0.744 0.351 0.654 0.404 0.000 0.901 0.323 0.000 0.448 0.655 0.389 0.673 0.996 0.203
0.661 0.000 0.172 0.000 0.000 0.450 0.374 0.988 0.000 0.000 0.901 0.000 0.148 0.414 0.452 0.000 0.483 0.000 0.000 0.000
0.235 0.869 0.000 0.985 0.060 0.786 0.000 0.842 0.000 0.672 0.323 0.148 0.000 0.633 0.531 0.365 0.774 0.000 0.000 0.354
0.000 0.000 0.613 0.000 0.342 0.810 0.000 0.000 0.000 0.864 0.000 0.414 0.633 0.000 0.014 0.000 0.000 0.738 0.000 0.000
0.707 0.000 0.911 0.705 0.249 0.446 0.537 0.538 0.000 0.243 0.448 0.452 0.531 0.014 0.000 0.000 0.000 0.257 0.951 0.168
0.387 0.000 0.120 0.794 0.808 0.000 0.600 0.000 0.000 0.238 0.655 0.000 0.365 0.000 0.000 0.000 0.529 0.759 0.026 0.228
0.664 0.403 0.611 0.000 0.000 0.243 0.000 0.311 0.704 0.000 0.389 0.483 0.774 0.000 0.000 0.529 0.000 0.823 0.000 0.607
0.000 0.000 0.585 0.969 0.097 0.591 0.000 0.147 0.000 0.431 0.673 0.000 0.000 0.738 0.257 0.759 0.823 0.000 0.000 0.305
0.000 0.092 0.367 0.000 0.000 0.637 0.156 0.000 0.000 0.821 0.996 0.000 0.000 0.000 0.951 0.026 0.000 0.000 0.000 0.000
0.305 0.842 0.719 0.230 0.829 0.000 0.368 0.824 0.000 0.000 0.203 0.000 0.354 0.000 0.168 0.228 0.607 0.305 0.000 0.000
